image_width: 640
image_height: 400
camera_name: narrow_stereo
camera_matrix:
  rows: 3
  cols: 3
  data: [290.46301,   0.     , 312.90291,
           0.     , 290.3703 , 203.01488,
           0.     ,   0.     ,   1.     ]
distortion_model: plumb_bob
distortion_coefficients:
  rows: 1
  cols: 5
  data: [-0.279797, 0.064309, -0.000068, 0.001967, 0.000000]
rectification_matrix:
  rows: 3
  cols: 3
  data: [1., 0., 0.,
         0., 1., 0.,
         0., 0., 1.]
projection_matrix:
  rows: 3
  cols: 4
  data: [210.69041,   0.     , 315.39516,   0.     ,
           0.     , 243.73343, 203.77616,   0.     ,
           0.     ,   0.     ,   1.     ,   0.     ]
