# oST version 5.0 parameters


[image]

width
640

height
400

[narrow_stereo]

camera matrix
290.463015 0.000000 312.902912
0.000000 290.370297 203.014878
0.000000 0.000000 1.000000

distortion
-0.279797 0.064309 -0.000068 0.001967 0.000000

rectification
1.000000 0.000000 0.000000
0.000000 1.000000 0.000000
0.000000 0.000000 1.000000

projection
210.690414 0.000000 315.395157 0.000000
0.000000 243.733429 203.776160 0.000000
0.000000 0.000000 1.000000 0.000000
